hereplace(11.445, 1.000, 12.787, "Cowboy", 500)
upgrade(11.445, 2.350, 12.787, 150)
upgrade(11.445, 2.350, 12.787, 550)
upgrade(11.445, 2.350, 12.787, 1500)
place(8.362, 1.000, 12.630, "Cowboy", 500)
upgrade(8.362, 2.350, 12.630, 150)
upgrade(8.362, 2.350, 12.630, 550)
place(5.312, 1.000, 12.677, "Cowboy", 500)
upgrade(5.312, 2.350, 12.677, 150)
upgrade(5.312, 2.350, 12.677, 550)
place(11.470, 1.000, 15.868, "Cowboy", 500)
upgrade(11.470, 2.350, 15.868, 150)
upgrade(11.470, 2.350, 15.868, 550)
place(8.436, 1.000, 15.685, "Cowboy", 500)
upgrade(8.436, 2.350, 15.685, 150)
upgrade(8.436, 2.350, 15.685, 550)
place(5.367, 1.000, 15.717, "Cowboy", 500)
upgrade(5.367, 2.350, 15.717, 150)
upgrade(5.367, 2.350, 15.717, 550)
place(11.410, 1.000, 18.938, "Cowboy", 500)
upgrade(11.410, 2.350, 18.938, 150)
upgrade(11.410, 2.350, 18.938, 550)
place(8.346, 1.000, 18.717, "Cowboy", 500)
upgrade(8.346, 2.350, 18.717, 150)
upgrade(8.346, 2.350, 18.717, 550)
place(5.288, 1.000, 18.737, "Cowboy", 500)
upgrade(5.288, 2.350, 18.737, 150)
upgrade(5.288, 2.350, 18.737, 550)
place(2.557, 1.000, 20.270, "Cowboy", 500)
upgrade(2.557, 2.350, 20.270, 150)
upgrade(2.557, 2.350, 20.270, 550)
place(7.986, 1.000, 3.127, "DJ Booth", 1200)
upgrade(7.986, 2.365, 3.127, 300)
upgrade(7.986, 2.365, 3.127, 1250)
upgrade(7.986, 2.365, 3.127, 3000)
SetDjTrack(7.986, 2.365, 3.127, "Green", 949)
DropTheBeat(7.986, 2.365, 3.127, 1052)
upgrade(8.362, 2.350, 12.630, 1500)
upgrade(5.312, 2.350, 12.677, 1500)
upgrade(5.367, 2.350, 15.717, 1500)
upgrade(8.436, 2.350, 15.685, 1500)
upgrade(11.470, 2.350, 15.868, 1500)
DropTheBeat(7.986, 2.365, 3.127, 1638)
upgrade(8.346, 2.350, 18.717, 1500)
upgrade(5.288, 2.350, 18.737, 1500)
upgrade(11.410, 2.350, 18.938, 1500)
upgrade(2.557, 2.350, 20.270, 1500)
DropTheBeat(7.986, 2.365, 3.127, 1916)
upgrade(5.312, 2.350, 12.677, 3000)
upgrade(8.362, 2.350, 12.630, 3000)
DropTheBeat(7.986, 2.365, 3.127, 2613)
upgrade(5.312, 2.350, 12.677, 5250)
upgrade(8.362, 2.350, 12.630, 5250)
DropTheBeat(7.986, 2.365, 3.127, 114)
place(10.507, 5.100, -9.134, "Ranger", 4500)
upgrade(10.507, 6.450, -9.134, 1500)
DropTheBeat(7.986, 2.365, 3.127, 2578)
upgrade(10.507, 6.450, -9.134, 4500)
place(13.555, 5.100, -8.782, "Ranger", 4500)
upgrade(13.555, 6.450, -8.782, 1500)
DropTheBeat(7.986, 2.365, 3.127, 2634)
upgrade(13.555, 6.450, -8.782, 4500)
place(16.665, 5.100, -9.111, "Ranger", 4500)
upgrade(16.665, 6.450, -9.111, 1500)
upgrade(16.665, 6.450, -9.111, 4500)
DropTheBeat(7.986, 2.365, 3.127, 769)
place(8.267, 5.100, -11.290, "Ranger", 4500)
upgrade(8.267, 6.450, -11.290, 1500)
upgrade(8.267, 6.450, -11.290, 4500)
DropTheBeat(7.986, 2.365, 3.127, 763)
place(11.879, 5.100, -11.927, "Ranger", 4500)
upgrade(11.879, 6.450, -11.927, 1500)
upgrade(11.879, 6.450, -11.927, 4500)
DropTheBeat(7.986, 2.365, 3.127, 1220)
place(14.891, 5.100, -11.613, "Ranger", 4500)
upgrade(14.891, 6.450, -11.613, 1500)
DropTheBeat(7.986, 2.365, 3.127, 2801)
upgrade(14.891, 6.450, -11.613, 4500)
place(18.036, 5.100, -11.803, "Ranger", 4500)
upgrade(18.036, 6.450, -11.803, 1500)
DropTheBeat(7.986, 2.365, 3.127, 1081)
upgrade(18.036, 6.450, -11.803, 4500)
upgrade(11.445, 2.350, 12.787, 3000)
upgrade(11.445, 2.350, 12.787, 5250)
upgrade(5.367, 2.350, 15.717, 3000)
DropTheBeat(7.986, 2.365, 3.127, 339)
upgrade(5.367, 2.350, 15.717, 5250)
upgrade(8.436, 2.350, 15.685, 3000)
upgrade(8.436, 2.350, 15.685, 5250)
upgrade(11.470, 2.350, 15.868, 3000)
upgrade(11.470, 2.350, 15.868, 5250)
upgrade(5.288, 2.350, 18.737, 3000)
DropTheBeat(7.986, 2.365, 3.127, 1888)
upgrade(5.288, 2.350, 18.737, 5250)
upgrade(8.346, 2.350, 18.717, 3000)
upgrade(8.346, 2.350, 18.717, 5250)
upgrade(11.410, 2.350, 18.938, 3000)
DropTheBeat(7.986, 2.365, 3.127, 4184)
upgrade(11.410, 2.350, 18.938, 5250)
upgrade(2.557, 2.350, 20.270, 3000)
upgrade(2.557, 2.350, 20.270, 5250)
upgrade(7.986, 2.365, 3.127, 8000)
DropTheBeat(7.986, 2.365, 3.127, 4761)
DropTheBeat(7.986, 2.365, 3.127, 14451)
upgrade(7.986, 2.365, 3.127, 20000)
upgrade(8.267, 6.450, -11.290, 13500)
DropTheBeat(7.986, 2.365, 3.127, 864)
upgrade(10.507, 6.450, -9.134, 13500)
upgrade(13.555, 6.450, -8.782, 13500)
DropTheBeat(7.986, 2.365, 3.127, 7)
upgrade(11.879, 6.450, -11.927, 13500)
upgrade(14.891, 6.450, -11.613, 13500)
upgrade(16.665, 6.450, -9.111, 13500)
upgrade(18.036, 6.450, -11.803, 13500)
DropTheBeat(7.986, 2.365, 3.127, 2447)
upgrade(8.267, 6.450, -11.290, 30000)
DropTheBeat(7.986, 2.365, 3.127, 11230)
upgrade(10.507, 6.450, -9.134, 30000)
place(3.456, 1.000, 4.160, "Accelerator", 4500)
upgrade(3.456, 2.350, 4.160, 1000)
upgrade(3.456, 2.350, 4.160, 2500)
upgrade(3.456, 2.350, 4.160, 4750)
place(5.571, 1.000, 6.354, "Accelerator", 4500)
upgrade(5.571, 2.350, 6.354, 1000)
upgrade(5.571, 2.350, 6.354, 2500)
upgrade(5.571, 2.350, 6.354, 4750)
DropTheBeat(7.986, 2.365, 3.127, 547)
place(8.442, 1.000, 7.240, "Accelerator", 4500)
upgrade(8.442, 2.350, 7.240, 1000)
upgrade(8.442, 2.350, 7.240, 2500)
upgrade(8.442, 2.350, 7.240, 4750)
place(11.199, 1.000, 5.641, "Accelerator", 4500)
upgrade(11.199, 2.350, 5.641, 1000)
upgrade(11.199, 2.350, 5.641, 2500)
upgrade(11.199, 2.350, 5.641, 4750)
place(12.127, 1.000, 2.778, "Accelerator", 4500)
upgrade(12.127, 2.350, 2.778, 1000)
upgrade(12.127, 2.350, 2.778, 2500)
upgrade(12.127, 2.350, 2.778, 4750)
place(6.313, 1.000, 9.396, "Accelerator", 4500)
upgrade(6.313, 2.350, 9.396, 1000)
upgrade(6.313, 2.350, 9.396, 2500)
upgrade(6.313, 2.350, 9.396, 4750)
DropTheBeat(7.986, 2.365, 3.127, 3248)
place(9.825, 1.000, 9.980, "Accelerator", 4500)
upgrade(9.825, 2.350, 9.980, 1000)
upgrade(9.825, 2.350, 9.980, 2500)
upgrade(9.825, 2.350, 9.980, 4750)
place(12.441, 1.000, 8.405, "Accelerator", 4500)
upgrade(12.441, 2.350, 8.405, 1000)
upgrade(12.441, 2.350, 8.405, 2500)
upgrade(12.441, 2.350, 8.405, 4750)
place(14.220, 1.000, 5.829, "Accelerator", 4500)
place(14.256, 1.000, 5.908, "Accelerator", 4500)
place(14.250, 1.000, 5.926, "Accelerator", 4500)
DropTheBeat(7.986, 2.365, 3.127, 11625)
upgrade(3.456, 2.350, 4.160, 11250)
upgrade(5.571, 2.350, 6.354, 11250)
upgrade(6.313, 2.350, 9.396, 11250)
upgrade(8.442, 2.350, 7.240, 11250)
upgrade(9.825, 2.350, 9.980, 11250)
DropTheBeat(7.986, 2.365, 3.127, 10677)
upgrade(12.441, 2.350, 8.405, 11250)
upgrade(11.199, 2.350, 5.641, 11250)
upgrade(12.127, 2.350, 2.778, 11250)
DropTheBeat(7.986, 2.365, 3.127, 8994)
upgrade(13.555, 6.450, -8.782, 30000)
DropTheBeat(7.986, 2.365, 3.127, 17276)
upgrade(11.879, 6.450, -11.927, 30000)
upgrade(14.891, 6.450, -11.613, 30000)
upgrade(16.665, 6.450, -9.111, 30000)
upgrade(18.036, 6.450, -11.803, 30000)
DropTheBeat(7.986, 2.365, 3.127, 22726)
place(15.176, 1.000, 3.121, "Rocketeer", 1500)
upgrade(15.176, 2.450, 3.121, 250)
upgrade(15.176, 2.450, 3.121, 1750)
upgrade(15.176, 2.450, 3.121, 6500)
upgrade(15.176, 2.450, 3.121, 20000)
place(15.123, 1.000, 6.633, "Rocketeer", 1500)
upgrade(15.123, 2.450, 6.633, 250)
upgrade(15.123, 2.450, 6.633, 1750)
upgrade(15.123, 2.450, 6.633, 6500)
upgrade(15.123, 2.450, 6.633, 20000)
place(15.624, 1.000, 10.372, "Rocketeer", 1500)
upgrade(15.624, 2.450, 10.372, 250)
upgrade(15.624, 2.450, 10.372, 1750)
upgrade(15.624, 2.450, 10.372, 6500)
upgrade(15.624, 2.450, 10.372, 20000)
upgrade(15.624, 2.450, 10.372, 18851)
place(18.737, 1.000, 3.824, "Rocketeer", 1500)
upgrade(18.737, 2.450, 3.824, 250)
upgrade(18.737, 2.450, 3.824, 1750)
upgrade(18.737, 2.450, 3.824, 6500)
upgrade(18.737, 2.450, 3.824, 20000)
place(18.345, 1.000, 7.140, "Rocketeer", 1500)
upgrade(18.345, 2.450, 7.140, 250)
upgrade(18.345, 2.450, 7.140, 1750)
upgrade(18.345, 2.450, 7.140, 6500)
DropTheBeat(7.986, 2.365, 3.127, 6630)
upgrade(18.345, 2.450, 7.140, 20000)
place(18.650, 1.000, 10.480, "Rocketeer", 1500)
upgrade(18.650, 2.450, 10.480, 250)
upgrade(18.650, 2.450, 10.480, 1750)
upgrade(18.650, 2.450, 10.480, 6500)
upgrade(18.650, 2.450, 10.480, 20000)
upgrade(18.650, 2.450, 10.480, 2505)
upgrade(18.650, 2.450, 10.480, 26540)
place(14.249, 1.000, -2.874, "Rocketeer", 1500)
upgrade(14.249, 2.450, -2.874, 250)
upgrade(14.249, 2.450, -2.874, 1750)
upgrade(14.249, 2.450, -2.874, 6500)
upgrade(14.249, 2.450, -2.874, 20000)
place(18.098, 1.000, -3.116, "Rocketeer", 1500)
upgrade(18.098, 2.450, -3.116, 250)
upgrade(18.098, 2.450, -3.116, 1750)
DropTheBeat(7.986, 2.365, 3.127, 15217)
upgrade(18.098, 2.450, -3.116, 6500)
upgrade(18.098, 2.450, -3.116, 20000)
upgrade(3.456, 2.350, 4.160, 36000)
upgrade(5.571, 2.350, 6.354, 36000)
DropTheBeat(7.986, 2.365, 3.127, 19487)
upgrade(6.313, 2.350, 9.396, 36000)
upgrade(8.442, 2.350, 7.240, 36000)
upgrade(9.825, 2.350, 9.980, 36000)
upgrade(12.441, 2.350, 8.405, 36000)
upgrade(11.199, 2.350, 5.641, 36000)
upgrade(12.127, 2.350, 2.778, 36000)
SetDjTrack(7.986, 2.365, 3.127, "Purple", 34184)
DropTheBeat(7.986, 2.365, 3.127, 34184)
DropTheBeat(7.986, 2.365, 3.127, 228726)
DropTheBeat(7.986, 2.365, 3.127, 426344)
DropTheBeat(7.986, 2.365, 3.127, 426344)
DropTheBeat(7.986, 2.365, 3.127, 428324)
DropTheBeat(7.986, 2.365, 3.127, 428346)
DropTheBeat(7.986, 2.365, 3.127, 540745)
